100
1 4 2
1 7 7
2 5 1
7 11 1
2 12 4
6 12 10
1 7 3
14 19 18
20 10 10
16 1 1
1 7 1
11 12 3
13 18 4
8 2 2
6 8 6
2 5 3
1 7 7
11 1 1
9 11 10
9 13 4
8 9 8
3 2 2
8 1 1
10 12 1
4 17 6
7 19 18
12 19 6
9 1 1
2 12 1
20 1 1
1 6 1
1 18 7
1 7 4
17 1 1
19 18 1
16 6 3
1 20 1
1 20 10
3 13 6
15 16 13
2 12 10
13 6 3
1 11 3
2 3 1
13 16 4
6 1 1
5 11 5
13 7 6
1 20 20
12 11 1
5 13 12
10 17 3
20 20 10
1 6 5
13 15 14
18 9 9
10 20 1
19 13 8
1 7 6
18 5 5
18 2 2
9 17 16
1 7 2
10 20 20
2 8 1
3 8 4
6 2 1
1 6 6
20 20 1
7 9 2
17 10 7
7 18 6
13 14 7
11 12 9
20 20 20
5 2 2
17 15 3
16 16 7
11 7 5
16 8 3
1 7 5
8 8 4
17 13 2
3 5 2
19 13 3
1 6 2
1 4 1
15 11 4
13 6 5
13 3 1
1 6 4
1 6 3
14 3 1
5 16 9
18 8 5
10 20 10
6 15 13
4 15 1
20 10 1
9 3 1
