100
2 0.0006 3.3291
99.9998 27.1265
0.0001 3.3291
2 100.0000 88.3984
99.9999 88.3984
0.0001 88.3983
2 0.0001 77.2831
0.0001 97.3911
0.0001 57.1751
2 62.4078 51.0514
0.0001 51.0514
0.0002 51.0514
2 99.9996 67.2906
0.0002 50.6843
0.0001 67.2900
2 99.9994 86.7570
0.0008 85.7494
0.0010 87.7646
2 0.0010 69.5763
99.9995 1.0482
99.9997 69.5763
2 99.9994 10.1529
0.0005 10.1403
99.9994 20.3238
2 99.9996 52.2023
0.0002 52.2023
0.0007 70.0784
2 100.0000 75.6127
70.0263 75.6127
27.0364 27.7990
2 99.9997 33.6130
0.0002 40.8279
99.9994 26.3981
2 99.9999 36.0024
0.0011 35.9541
0.0004 64.3070
2 99.9998 44.9488
0.0006 1.6677
99.9997 44.9488
2 5.0000 99.9000
30.0000 99.8999
20.0000 99.7000
2 99.9997 91.3792
0.0003 40.5309
71.3236 92.1621
2 99.9991 63.2633
0.0001 2.8417
48.3481 63.2633
2 90.2948 63.4331
22.8673 23.1985
48.1127 62.6123
2 0.0003 78.2379
0.0009 78.2379
0.0007 57.8029
1 52.3221 62.0562
19.3926 63.4945
2 99.9994 35.9445
0.0001 35.9445
99.9997 11.6287
2 0.0001 48.7987
27.3098 83.2180
0.0010 48.7987
2 0.0002 43.4719
51.7449 43.4719
0.0006 27.9885
2 0.0002 78.0954
99.9996 14.8379
0.0003 78.7273
2 99.9994 69.8237
99.9994 40.3540
0.0005 99.2934
2 41.2920 92.7746
99.9996 92.7746
0.0005 96.8019
2 0.0001 58.6546
84.0404 47.0876
68.5056 70.2215
2 99.9991 33.5451
0.0008 98.0273
99.9995 33.5451
2 0.0005 22.6821
0.0003 22.6832
0.0006 76.3802
2 99.9991 89.3530
0.0002 90.1481
99.9993 44.4707
2 99.9997 92.6420
99.9991 93.1649
99.9996 6.8801
2 99.9999 92.5383
99.9997 92.5383
0.0005 74.9737
2 0.0006 48.6808
99.9991 41.2285
99.9998 56.1330
2 100.0000 40.9805
44.1824 29.2034
7.4003 52.7576
2 99.9991 23.2189
0.0009 23.2189
0.0006 8.2726
1 42.9051 16.1364
87.0918 16.1364
2 99.9995 5.8701
0.0007 33.3670
99.9996 5.8701
2 0.0008 38.0471
99.9998 42.2350
0.0003 38.0471
1 5.9949 0.1000
23.6834 79.5388
2 0.0003 40.4471
0.0006 97.1410
0.0005 40.4048
2 99.9999 84.7815
99.9992 84.6798
99.9998 87.9311
2 67.6669 58.8787
22.2363 99.7241
10.2894 7.1351
2 99.9998 84.0135
0.0008 58.9027
0.0002 84.0135
2 0.0007 34.5200
99.9991 29.4390
0.0008 39.6010
2 0.0004 17.5507
99.9990 69.6341
0.0010 17.5507
2 99.9997 86.3873
0.0006 28.7768
99.9991 86.3873
2 0.0009 65.3995
99.9994 65.5500
99.9994 48.1844
1 56.2692 83.8007
21.5910 39.1531
1 77.3754 99.9000
38.6550 99.9000
2 0.0002 36.3679
0.0008 36.4449
0.0002 9.8701
1 55.9531 99.9000
2.6227 97.3521
2 0.0005 32.9395
0.0002 25.0272
0.0002 40.8517
2 99.9991 53.0278
67.7135 11.1632
99.9999 53.0278
2 94.5426 63.7540
99.9999 63.7540
100.0000 63.7540
2 99.9999 34.2817
0.0010 1.6239
0.0003 66.9394
2 52.8964 95.0348
49.1917 95.0345
7.7732 17.3536
2 100.0000 65.1586
0.0001 65.1587
99.9999 65.1586
2 62.0698 53.4919
56.3815 95.3529
51.5194 7.6804
2 0.0002 10.8747
99.9990 10.8600
99.9991 28.3868
2 0.0009 59.3539
100.0000 59.2668
54.0075 94.7049
2 99.9993 14.6284
99.9996 84.3277
99.9998 14.6284
2 99.9992 55.9895
0.0006 92.5439
0.0010 55.9895
2 0.0002 12.9526
0.0003 12.9526
0.0005 28.2643
2 100.0000 65.1587
0.0001 65.1587
99.9999 65.1586
2 0.0001 0.1000
0.0001 0.1002
0.0001 0.1001
2 0.0002 21.6841
0.0003 31.0019
99.9996 21.6841
1 56.4043 0.1000
6.9701 0.1000
2 0.0008 34.8768
99.9991 56.4843
99.9994 34.8768
2 99.9991 97.0468
99.9994 86.9143
99.9996 97.0468
2 0.0001 61.3246
33.9052 61.2851
99.9996 61.4776
2 59.1081 96.8236
85.9566 98.5488
45.9915 93.5993
2 100.0000 88.3983
0.0001 88.3983
99.9999 88.3984
2 99.9992 50.0058
0.0004 50.0058
0.0003 45.2268
2 99.9993 98.0324
99.9999 98.6534
0.0002 98.0324
2 0.0001 0.1001
0.0001 0.1000
0.0001 0.1003
2 72.6559 41.1726
46.5398 81.2953
28.6188 41.1737
2 22.9268 58.5038
22.1044 88.1580
24.8190 88.1580
2 99.9995 28.7422
80.3785 0.1692
99.9999 28.7422
1 86.7814 38.6007
11.5523 38.6001
2 99.9994 73.8036
99.9990 73.8036
99.9998 72.6861
2 99.9995 74.4965
99.9999 73.0457
99.9992 74.8705
2 0.0010 50.7190
100.0000 57.4338
99.9990 50.7190
2 0.0010 83.6282
99.9995 83.6282
0.0007 2.8863
2 99.4808 76.9326
99.9999 76.9326
100.0000 76.9326
2 99.9998 39.4228
0.0001 71.7468
76.4330 39.3734
2 99.9992 41.0522
15.9129 82.2240
99.9996 41.0522
2 99.9993 22.0791
0.0011 22.2771
0.0004 9.1934
2 0.0003 72.1472
0.0009 72.0502
99.9991 95.2161
1 10.0000 50.0000
0.2000 50.0000
2 99.9991 77.4959
0.0007 77.4959
28.3623 29.8865
2 30.0000 65.4321
0.0001 50.0000
100.0000 99.9000
2 100.0000 13.0454
99.9997 49.9286
99.9997 13.0454
2 0.0007 89.9803
0.0011 15.9869
0.0003 89.9803
2 0.0005 89.7816
99.9997 11.8496
0.0005 90.4179
2 99.9991 65.8404
99.9997 46.6347
99.9995 85.0460
2 0.0005 98.8256
99.9995 98.8256
99.9997 22.6559
2 99.9993 33.9716
99.9999 16.3494
99.9999 51.5939
2 0.0002 99.5201
99.9991 85.3733
99.9993 99.5201
2 0.0001 69.5879
0.0011 46.3730
99.9991 92.8027
2 52.6157 95.7931
75.6568 95.7931
34.5687 95.7931
2 99.9997 77.4584
99.9994 80.3283
87.2119 74.5886
