100
1
19
23
9
29
21
4
789012
1101
101001
2101
10
12
2200
7
31
900000
999900
8192
990001
901234
10010
2201
999
32
11001
99
999990
999899
1111
10100
654321
111
990000
11000
91
2002
11
10111
64
999998
901
2000
11100
1100
2100
11101
900
100000
10101
12000
899999
999989
999991
90
9999
10001
999001
10011
11110
99000
1001
10999
1000
102
201
998999
12001
999901
987654
11010
900001
989999
999999
101
10110
199
110
11111
30
1998
1099
20
1999
11011
1110
22
345678
999000
19
1000000
100001
200
99001
32
100
101000
4096
10000
2001
