100
2 6 6
1 15 15
5 3 14
7 2 11
1 15 6
2 3 4
1 15 7
4 4 16
1 4 1
5 3 9
6 2 9
2 4 7
2 4 5
4 2 2
5 3 7
9 1 6
5 3 3
3 5 2
4 3 12
5 2 10
1 16 8
15 1 0
6 1 4
2 3 3
5 3 8
3 5 13
5 3 15
5 3 4
3 5 9
1 1 1
3 2 3
5 3 11
3 5 1
5 2 7
3 3 6
3 5 12
16 1 8
2 7 1
5 3 2
5 3 6
3 5 14
2 6 10
1 15 1
15 1 7
15 1 6
5 3 12
3 5 11
16 1 1
3 3 0
3 5 8
4 3 10
4 4 9
4 2 0
1 16 0
3 5 7
2 3 0
5 3 13
1 15 8
2 3 6
4 4 1
3 5 0
3 4 12
3 5 6
11 1 7
4 4 0
16 1 9
15 1 8
2 4 1
5 3 0
3 5 10
5 3 1
15 1 15
1 1 0
3 5 3
5 3 10
16 1 16
3 5 15
3 5 5
2 2 2
1 9 6
1 16 1
4 4 8
1 15 0
3 4 5
5 3 5
4 4 7
4 3 11
1 16 7
1 16 16
2 4 8
2 5 10
3 5 4
4 3 7
16 1 7
3 3 7
15 1 1
2 6 8
1 5 1
16 1 0
1 16 9
