100
2
26 1 20386356
221 1 684465134
2
180 1 100000
180 1 1
2
150 1 770559457
20 1 352791139
2
323 1 495314715
256 1 981809460
2
23 1 639319355
140 1 451993181
2
317 1 455572436
87 1 163905
2
355 1 932973826
301 1 308438519
2
141 1 59620413
258 1 242022094
2
88 1 635214785
80 1 193599783
2
44 1 401700075
98 1 561959251
2
307 1 966481493
306 1 21394877
2
284 1 574488365
188 1 56716337
2
337 1 787671043
268 1 507528536
2
225 1 398962907
250 1 578709606
2
124 1 33881914
168 1 192978228
2
52 1 5361750
280 1 205632700
2
23 1 115112886
278 1 786566779
2
324 1 917886175
284 1 323779281
2
188 1 105167168
224 1 845596983
2
76 1 785379800
233 1 846117788
2
111 1 46244651
11 1 501648962
2
358 1 505148156
36 1 432737138
2
24 1 655334627
339 1 630895369
2
153 1 981702466
32 1 818675663
2
84 1 578738718
169 1 280203537
2
94 1 561950014
66 1 69418223
2
258 1 345440292
115 1 149558231
2
10 1 569877267
327 1 700878495
2
166 1 898444741
4 1 259528843
2
91 1 123774156
264 1 393320801
2
359 1 40000
157 1 71133
2
45 1 821161749
57 1 375159291
2
180 1 28613963
28 1 15548677
2
79 1 1000000000
266 1 281664463
2
299 1 948377518
277 1 488194793
2
235 1 6216875
230 1 738618917
2
154 1 619945010
206 1 64755515
2
354 1 624769363
285 1 297439389
1
180 2 1
2
298 1 545640150
192 1 645729699
2
155 1 83005341
334 1 495473088
2
356 1 419512764
341 1 788155212
2
132 1 798696118
205 1 321996482
2
32 1 83472569
345 1 71028471
2
322 1 817557522
288 1 551324161
2
207 1 733520575
148 1 240637335
2
27 1 851902272
99 1 348589818
2
256 1 196512821
101 1 154102682
2
55 1 952568727
228 1 871551110
2
84 1 246741701
215 1 107898350
2
300 1 293765759
28 1 248758447
2
143 1 720473879
274 1 225684597
2
322 1 136258658
262 1 431592700
2
301 1 911485473
6 1 121937506
2
51 1 471197411
356 1 400000000
2
283 1 245869414
248 1 936611446
2
42 1 199522427
120 1 610589640
2
241 1 176225966
168 1 850179564
2
128 1 634998809
42 1 194206124
2
186 1 836765383
349 1 380368457
2
171 1 781148188
291 1 864941097
2
234 1 890499796
188 1 324464619
2
18 1 136160584
273 1 67689661
2
284 1 672663184
249 1 757508951
2
222 1 905789176
141 1 341163598
2
57 1 944564367
48 1 128680270
2
90 1 803155542
138 1 907550342
2
72 1 176961413
148 1 606725141
2
304 1 456700661
107 1 499246862
2
180 1 30
180 1 10
2
263 1 73687660
285 1 588159186
2
43 1 504354722
124 1 422647100
2
159 1 691729064
356 1 892959283
2
149 1 454148214
279 1 625513633
2
71 1 749196373
40 1 124549136
2
333 1 169013996
154 1 641010038
2
16 1 57017680
129 1 514829955
2
210 1 973413857
357 1 942574027
2
267 1 735563369
236 1 966506127
2
123 1 235896583
327 1 567267536
2
176 1 480031309
353 1 746761283
2
163 1 834212956
260 1 96232419
2
50 1 603860308
330 1 159325524
2
196 1 472782413
323 1 862297299
2
107 1 33886381
106 1 877385252
2
343 1 297606277
73 1 140993976
2
111 1 667274049
107 1 658165847
2
120 1 904828240
198 1 303935236
2
25 1 632370069
59 1 50773778
2
21 1 975884753
185 1 828918250
2
87 1 418504084
62 1 412961870
2
1 1 41806891
258 1 216600222
2
359 1 182088388
90 1 443562825
2
123 1 298298908
95 1 3660822
2
226 1 973689068
233 1 690232193
2
217 1 72977612
109 1 882402956
2
62 1 288459602
335 1 741561884
2
234 1 620797242
280 1 888031186
2
295 1 323980944
278 1 48675931
2
17 1 100059991
90 1 3152533
